tokens = ['<BR>', 'are', 'eat', 'fast', 'grass', 'herbivores', 'rabbits', 'run', 'sheep', 'slow']
weights:
tensor([[-1.2246e+00,  2.0937e+00],
        [ 1.4833e+01, -7.2360e-01],
        [ 3.0024e+01, -5.0406e-03],
        [ 2.0378e-01, -4.5637e-01],
        [-4.1133e-01, -3.3973e-01],
        [-2.9008e-01, -3.3193e-01],
        [ 1.7420e+00, -1.8998e-01],
        [ 4.2578e+00,  1.0200e+01],
        [-6.6988e-03, -5.5341e-01],
        [ 2.0389e-01, -2.0557e-01]])
tensor([[ -5.3203, -10.8213],
        [-33.0829, -10.8099],
        [-32.5395, -10.4871],
        [ -4.0856,  -2.7878],
        [  1.6320,  -6.4874],
        [  0.7802,  -7.8086],
        [-28.9404,   0.6976],
        [  0.1625,  -8.7100],
        [-26.3533,   1.1523],
        [  0.7853,  -7.8095]])
tensor([  5.4339,   5.4334,   4.6626, -13.3402, -22.1923,  -3.7139,  -0.9965,
          0.6612,  -0.8556,  -3.7116])
