steps: 10000
tokens: <BR>|are|eat|fast|grass|sheep|slow|wolves
weights:
-1.832,-0.249,-1.952,-1.583
3.125,2.609,2.959,-1.124
-2.580,2.836,1.556,3.253
-1.274,-3.292,0.643,3.834
-1.120,-1.160,0.039,2.502
1.942,-2.618,0.878,1.337
-1.556,-1.260,0.408,2.667
0.397,-1.981,-0.862,-3.771
weights:
-0.404,-0.627,-0.028,-0.271
-0.387,-1.005,-0.468,1.013
-0.637,-0.019,0.059,0.730
-0.733,0.457,-0.178,0.499
weights:
0.201,-0.371,0.199,0.470
-0.325,0.033,0.657,1.192
0.087,-1.147,-0.147,0.785
-0.055,-0.099,-0.611,0.589
weights:
-1.501,-0.212,-0.926,0.315
-1.577,-0.616,-0.751,0.450
-0.212,-1.305,-1.543,-1.774
1.226,-2.523,0.794,0.701
weights:
0.411,0.516,-2.158,0.685
-0.037,0.144,0.844,0.740
-0.013,0.050,0.837,0.713
-1.935,-1.258,0.188,-0.247
-0.925,-1.010,-1.527,1.127
0.503,0.602,-0.054,-1.374
-0.905,-1.811,-1.801,-0.032
0.750,0.239,0.616,-0.769
weights:
-0.230
0.596
0.822
-0.486
-0.465
0.583
-0.997
-0.628
