steps: 10000
tokens: <BR>|are|eat|fast|grass|sheep|slow|wolves
weights:
0.034,0.936
-4.000,-3.134
3.247,3.586
-0.817,-3.183
6.147,0.849
0.010,-0.973
0.105,-2.005
1.969,-1.370
weights:
0.825,1.994
1.273,0.700
weights:
-0.820,1.067
-0.847,0.296
weights:
1.580,2.491
1.969,2.423
weights:
-5.387
1.773
-0.709
1.259
1.068
weights:
-1.135,-1.496
1.789,1.671
weights:
-0.072
-0.536
weights:
1.772,0.063
0.865,-0.055
0.905,-0.025
-2.623,-0.899
2.038,2.438
-0.280,1.483
-1.480,-1.378
-1.026,0.848
weights:
-2.052
2.109
2.085
-0.524
-1.913
-0.862
-2.588
0.037
