steps: 10000
tokens: <BR>|are|eat|fast|grass|sheep|slow|wolves
weights:
-1.863,1.478,-0.952
2.786,0.473,-4.236
-2.685,0.451,-4.096
-0.347,1.106,-0.133
2.878,-2.183,-0.463
2.912,-0.271,2.605
1.962,1.982,0.476
-0.561,-0.572,1.034
weights:
-0.005,0.323,1.357
1.183,0.759,1.058
1.123,0.697,-3.529
weights:
1.002,0.634,0.114
-0.117,0.209,-0.855
-1.315,0.655,-0.053
weights:
0.547,0.561,-0.634
-0.662,-0.168,-0.545
-0.752,-1.029,0.323
weights:
3.759,-0.489,-0.749
-0.636,0.375,-2.491
0.140,-0.259,2.103
weights:
1.178,0.740,-0.723
-0.147,-1.351,0.756
-0.082,-0.757,1.476
0.873,1.212,-1.420
0.135,1.351,-1.399
-1.236,1.564,-1.686
0.831,-0.572,-0.186
-1.289,0.759,0.084
weights:
-0.628
0.168
0.183
-2.833
3.322
-0.806
0.288
-0.787
