steps: 10000
context: 3
embed_dim: 2
tokens: <BR>|are|eat|fast|grass|sheep|slow|wolves
weights:
-0.041,-1.875
-3.587,-0.222
-2.759,-0.362
-3.459,-0.434
3.321,3.157
3.201,2.751
-2.740,-0.521
2.740,-0.425
weights:
1.149,0.494
-0.533,0.449
-2.733,0.326
weights:
1.023,-1.625
0.722,-0.977
weights:
0.029,-1.364
-0.044,-1.216
weights:
2.705,1.420
0.682,3.277
weights:
2.744,-0.364
2.492,2.937
weights:
-0.729
-0.081
weights:
-0.138,0.766
0.953,0.395
0.951,0.397
-0.710,-1.126
-1.593,1.030
-0.552,-0.951
-1.628,0.438
0.642,-0.641
weights:
2.293
-0.353
-0.324
-4.264
-0.010
2.121
-1.165
0.153
